1118.260986
10.776559,2.259181,-0.896165,1.573061,3.857546,1.438104,4.784284,0,0.632165
17.922409,-3.632113,-0.995938,1.525463,2.788794,1.576920,4.800117,0,0.508683
22.758944,-3.999843,-1.035967,1.512700,3.477749,1.456316,4.806974,0,0.385903
3.756712,2.838561,-0.909549,1.592591,3.728235,1.505105,1.608472,0,0.347075
30.483534,0.935634,-0.661080,1.753555,4.035825,1.647205,1.618926,0,0.346901
24.407820,5.045091,-0.496736,1.463489,3.511548,1.456851,0.052122,0,0.273835
38.450302,-0.101772,-0.761471,1.618625,3.911114,1.523242,4.852038,0,0.253157
2.983587,-2.468048,-0.902951,1.644275,4.018610,1.520760,4.741890,0,0.214050
54.776062,-6.677374,-0.864594,1.613809,3.991932,1.581408,1.696606,0,0.186930
