1248.102051
14.745403,-1.038124,-0.765549,1.576103,3.624429,1.497389,5.045963,0,0.640948
8.163922,1.232478,-0.794865,1.617022,3.757231,1.515900,1.878556,0,0.633592
6.490746,-3.873495,-1.086511,1.451721,3.148416,1.534177,5.007927,0,0.569479
20.234329,-8.485902,-1.014080,1.515202,2.451131,1.533055,5.015146,0,0.400905
3.873353,2.735848,-0.838684,1.551567,3.499279,1.698491,5.032268,0,0.366847
33.621380,-7.107007,-0.390184,1.816670,4.349416,1.666321,1.865535,0,0.359441
24.996544,-10.122771,-1.017342,1.605507,3.676147,1.483255,5.094210,0,0.197431
28.575941,-1.746649,-0.218588,1.459265,3.464829,1.389769,0.302454,0,0.170351
55.482796,-20.235865,-0.519371,1.640932,4.096347,1.659920,1.940489,0,0.147015
