1643.762939
18.971884,6.568191,-0.952469,1.602089,3.749868,1.423277,1.558743,0,0.639257
28.582813,-0.032851,-0.758089,1.702504,3.729722,1.599852,4.705037,0,0.623421
6.897406,-4.248980,-0.781042,1.648635,3.777467,1.746465,-0.684981,0,0.621868
25.078800,-4.471590,-0.646503,1.677832,4.263135,1.529678,-0.699155,0,0.495316
14.364766,-4.655917,-0.798061,1.639165,4.243707,1.547032,-0.699368,0,0.473853
52.164536,11.270576,-0.478417,1.882206,4.607527,1.775764,1.588449,0,0.374184
10.724416,-4.503782,-0.799975,1.529710,3.293025,1.461342,-0.725496,0,0.356825
51.158981,7.690028,-0.667101,1.731372,4.288054,1.505720,1.460144,0,0.197236
46.371552,-4.138554,-0.205238,1.914860,4.781970,2.057792,5.435815,0,0.192900
