1468.240967
8.077122,4.867171,-0.571760,1.779989,4.531795,1.917134,3.697451,0,0.581537
24.439720,0.171567,-0.659509,1.667595,3.359312,1.335406,4.691697,0,0.547421
15.512072,4.998734,-0.525936,1.763162,3.925472,1.716564,3.803905,0,0.482111
29.299400,5.023324,-0.423275,1.637090,3.868995,1.819326,3.857830,0,0.390005
32.453285,-3.038611,-0.173212,2.091648,5.414824,2.326179,4.665854,0,0.372523
37.300163,0.669611,-0.555259,1.636474,3.566132,1.491768,4.684644,0,0.305138
18.845541,5.034466,-0.457508,1.663564,3.685856,1.775721,3.948024,0,0.234345
26.466215,5.617548,-0.537752,1.585437,3.892058,1.426576,3.724943,0,0.190741
20.686769,14.726262,0.249676,1.998742,5.109604,2.073784,1.653633,0,0.182007
