1415.489014
12.328773,7.911618,-0.918719,1.650882,4.170650,1.482043,1.549456,0,0.635076
10.320209,-2.575021,-0.770710,1.511890,3.266994,1.519522,4.764466,0,0.616357
19.997433,7.928773,-0.781238,1.602748,3.969252,1.500936,1.577552,0,0.607505
28.657310,-2.749989,-0.373357,1.624793,4.062585,1.739489,4.703547,0,0.598158
5.112123,-2.794360,-0.860629,1.585111,3.986605,1.431812,4.707454,0,0.467640
35.194935,0.566122,-0.346097,1.613369,3.697696,1.517447,4.676199,0,0.383411
15.321755,-2.968096,-0.661452,1.532636,3.440296,1.422283,4.765168,0,0.324275
43.769077,-0.135181,-0.087762,1.600972,3.779273,1.539209,4.764379,0,0.206661
53.442398,-2.909521,0.056517,1.611222,3.619521,1.547425,4.783447,0,0.175531
