1276.368042
14.090961,-0.043014,-0.762972,1.575935,3.732597,1.523007,4.961859,0,0.637460
7.362876,1.785896,-0.775981,1.556810,3.684153,1.526899,1.806536,0,0.630986
6.012293,-3.384379,-1.050411,1.400150,2.980648,1.545257,4.940861,0,0.556126
20.097034,-7.101450,-0.914728,1.530790,2.626343,1.531848,4.950475,0,0.483719
33.366077,-4.859364,-0.460817,1.721961,4.015703,1.661206,1.839881,0,0.336424
24.959230,-8.358284,-0.966231,1.574742,3.580740,1.476448,4.947684,0,0.253264
2.882688,2.963940,-0.851682,1.537129,3.602472,1.498083,4.942354,0,0.196212
40.948753,-7.120512,-0.454678,1.611030,4.012369,1.517409,4.981418,0,0.179213
28.042421,0.412795,-0.229278,1.551187,3.862290,1.403418,0.186346,0,0.169344
