1425.817993
8.281961,-2.517004,-0.928528,1.703631,4.392924,1.709020,4.683701,0,0.637594
16.321457,6.646447,-1.021399,1.659854,4.016684,1.499086,3.138552,0,0.549518
4.608382,2.634979,-1.024458,1.510731,3.622055,1.437432,1.563377,0,0.458212
41.968945,-2.739670,-1.054721,1.594210,4.199178,1.480641,4.675153,0,0.455194
11.433865,6.764805,-0.967098,1.658824,4.449408,1.470979,3.070613,0,0.421442
26.292599,6.074886,-0.964864,1.549157,4.046700,1.506913,0.014884,0,0.195525
18.805799,7.133014,-0.974911,1.594876,3.668758,1.474221,3.217096,0,0.181676
38.556591,6.062896,-0.428166,1.747453,4.343503,1.958909,-0.045366,0,0.172753
31.711552,6.245612,-0.938222,1.535959,3.826972,1.474350,0.172937,0,0.135591
