1418.541016
21.375708,3.314442,-0.804843,1.663044,4.064725,1.617449,4.722824,0,0.632156
14.035796,-2.580164,-0.815284,1.654269,4.225042,1.518341,4.669563,0,0.582831
8.140692,-2.686359,-0.931468,1.639342,3.773617,1.476462,4.694351,0,0.549807
22.339718,-2.837907,-0.791037,1.704387,4.410392,1.504430,4.725404,0,0.470100
30.367847,-2.531320,-0.703233,1.505134,3.451145,1.504820,4.690554,0,0.426533
31.415638,3.766128,-0.934021,1.665344,4.284790,1.495887,1.561194,0,0.332903
2.951881,-2.555443,-0.817231,1.627115,3.932271,1.511266,4.732258,0,0.292396
49.060059,5.851964,-0.398303,1.690517,3.728151,1.566550,4.648694,0,0.206090
40.830776,-2.199141,-0.653723,1.549307,3.798189,1.452189,4.811521,0,0.148482
