1715.837036
22.086393,6.296219,-0.957187,1.663986,3.866450,1.669292,1.623572,0,0.605483
20.418945,-0.265183,-0.891008,1.677115,3.699276,1.596133,4.665390,0,0.594026
20.727539,10.463689,-1.067614,1.797882,4.615577,1.540153,1.595743,0,0.573888
26.888865,10.497497,-0.838921,1.659578,4.095936,1.794967,1.573099,0,0.488950
10.106183,-4.819682,-0.755067,1.704489,4.004030,1.531027,-0.772909,0,0.478607
27.544889,-4.325525,-0.836115,1.642501,3.759650,1.473553,-0.750831,0,0.351187
20.960941,-4.578727,-0.820118,1.539322,3.427664,1.550093,5.485614,0,0.336562
19.395365,14.918509,-0.897748,1.482682,3.380162,1.448977,1.713017,0,0.258850
38.637230,5.355042,-0.936057,1.679572,4.282461,1.532251,1.696243,0,0.232544
